2a
0
8683
42
677
42

1
8684
196
678
196

2
8685
55
679
55

3
8686
99
680
99

4
8687
1
681
1

5
8688
0
682
0

6
8689
0
683
0

7
8690
0
684
0


684
0

0 16645990821

3
8681
99
680
99

4
8682
1
681
1

5
8683
0
682
0

6
8684
0
683
0

7
8685
0
684
0

0 166459908212a
0
8678
42
677
42

1
8679
196
678
196

2
8680
55
679
55

3
8681
99
680
99

4
8682
1
681
1

5
8683
0
682
0

6
8684
0
683
0

7
8685
0
684
0

0 1664599082145990821
2a
0
8673
8673
8677
42
677
42

1
8674
8673
8677
196
678
196

2
8675
8673
8677
55
679
55

3
8676
8673
8677
99
680
99

4
8677
8673
8677
1
681
1

5
8678
8673
8677
0
682
0

6
8679
8673
8677
0
683
0

7
8680
8673
8677
0
684
0

0 16645990821
546986684673
16645990826684673
16645990826684673
16645990826684673
16645990821
16645990821
0 16645990821
2a
16645990828001536
16645990828001536
16645990828001536
16645990828001536
16645990828001537
16645990827995393
16645990821
16645990821
0 16645990821
2a
420
502180
36546980
16645990820
16645990821
16645990821
16645990821
16645990821
0 16645990821
82
11664599082
11664599082
11664599082
11664599082
0 11664599082
2a
42
50218
3654698
1664599082
11664599082
11664599082
11664599082
11664599082
0 11664599082
82
0 11664599082
2a
42
50218
3654698
1664599082
11664599082
11664599082
11664599082
11664599082
0 11664599082
010
11100011001101111100010000101010
0 11100011001101111100010000101010
1101111100010000101010
11100011001101111100010000101010
11100011001101111100010000101010
0 11100011001101111100010000101010
2a
101010
1100010000101010
1101111100010000101010
1100011001101111100010000101010
11100011001101111100010000101010
11100011001101111100010000101010
11100011001101111100010000101010
11100011001101111100010000101010
0 11100011001101111100010000101010
00000000000000011000100001010102a
000000000000000000000000000000000000000000000000000000000010101000000000000000000000000000000000000000000000000011000100001010100000000000000000000000000000000000000000000000001100010000101010000000000000000000000000000000000000000000000000110001000010101000000000000000000000000000000001000000000000000011000100001010100000000000000000000000000000000100000000000000001100010000101010000000000000000000000000000000010000000000000000110001000010101000000000000000000000000000000001000000000000000011000100001010100 00000000000000000000000000000001000000000000000011000100001010100000000000000000000000000000001000000000000000011000100001010102a
0000000000000000000000000000000000000000000000000000000000101010
0000000000000000000000000000000000000000000000001100010000101010
0000000000000000000000000000000000000000000000001100010000101010
0000000000000000000000000000000000000000000000001100010000101010
0000000000000000000000000000000100000000000000001100010000101010
0000000000000000000000000000000100000000000000001100010000101010
0000000000000000000000000000000100000000000000001100010000101010
0000000000000000000000000000000100000000000000001100010000101010
0 00000000000000000000000000000001000000000000000011000100001010100000000000000001000000000000000011000100001010102a
0000000000000000000000000000000000000000000000000000000000101010
0000000000000000000000000000000000000000000000001100010000101010
0000000000000000000000000000000000000000000000001100010000101010
0000000000000000000000000000000000000000000000001100010000101010
0000000000000000000000000000000100000000000000001100010000101010
0000000000000000000000000000000100000000000000001100010000101010
0000000000000000000000000000000100000000000000001100010000101010
0000000000000000000000000000000100000000000000001100010000101010
0 0000000000000000000000000000000100000000000000001100010000101010000000000000000000000001011000110011011111000100001010102a
0000000000000000000000000000000000000000000000000000000000101010
0000000000000000000000000000000000000000000000001100010000101010
0000000000000000000000000000000000000000001101111100010000101010
0000000000000000000000000000000001100011001101111100010000101010
0000000000000000000000000000000101100011001101111100010000101010
0000000000000000000000000000000101100011001101111100010000101010
0000000000000000000000000000000101100011001101111100010000101010
0000000000000000000000000000000101100011001101111100010000101010
0 0000000000000000000000000000000101100011001101111100010000101010